262144000S,0C
0 0
402 1
5711 1
5619 1
5847 1
6027 1
5532 1
6060 1
5649 1
5866 1
5535 1
5685 1
5361 1
6161 1
5998 1
5595 1
5028 1
5863 1
6141 1
5875 1
5645 1
5624 1
5518 1
5722 1
5983 1
5734 1
-137779 -24
2320 1
2320 1
2325 1
2310 1
2343 1
6821 1
6921 1
-6921 -1
-6821 -1
16295 1
5026 1
247 1
5089 1
1828 1
1440 1
1541 1
1544 1
1430 1
1546 1
1516 1
4719 1
-4719 -1
13772 1
5856 1
10459 1
10454 1
10331 1
36509 1
38670 1
6864 1
7003 1
37999 1
13197 1
3811 1
5990 1
36796 1
8045 1
23858 1
9068 1
12741 1
5105 1
31149 1
40481 1
7637 1
9257 1
12898 1
9196 1
-101533 -7
8802 1
6446 1
1067 1
3266 1
-1067 -1
3542 1
3716 1
3283 1
3707 1
7538 1
-6446 -1
-7538 -1
7537 1
7224 1
3855 1
3267 1
1371 1
1372 1
1373 1
1362 1
-9196 -1
7525 1
3247 1
1529 1
15254 1
9976 1
4299 1
5935 1
14723 1
3957 1
-3957 -1
-14723 -1
13339 1
3870 1
3511 1
3258 1
3648 1
3676 1
16155 1
3803 1
8204 1
19470 1
1744 1
1818 1
1374 1
1868 1
1811 1
79202 1
3508 1
40949 1
3238 1
17629 1
20239 1
